0,534
0,533
0,527
0,526
0,525
0,522
0,412
0,521
0,519
0,517
33,114
153,36
161,4
161,3
161,2
161,1
161,0
14,8
160,8
160,7
160,6
160,5
160,4
160,3
160,2
160,1
160,0
14,7
159,5
159,4
159,3
159,2
0,304
159,1
159,0
158,8
158,7
158,6
158,5
158,4
158,3
158,2
158,1
158,0
0,471
157,4
157,3
157,2
157,1
157,0
14,5
156,3
156,2
156,1
156,0
155,3
155,2
155,1
155,0
154,3
154,2
154,1
154,0
33,84
33,83
33,82
33,81
33,80
0,470
33,79
0,469
0,468
0,467
0,465
0,464
153,35
33,109
33,106
33,108
33,107
33,64
33,102
33,75
33,68
33,5
33,70
33,3
3,2
3,1
3,3
10,270
10,168
10,94
10,248
10,182
10,124
10,130
10,1
10,140
10,2
11,8
11,4
11,24
11,13
8,7
8,5
8,17
8,8
12,2
12,1
12,3
20,2
19,1
19,3
18,1
18,3
14,1
14,4
14,3
13,1
13,3
146,3
146,2
146,1
146,0
145,4
145,3
145,2
145,1
145,0
144,4
144,3
144,2
144,1
144,0
122,3
122,2
122,1
122,0
121,3
121,2
121,1
121,0
120,5
120,4
120,3
120,2
120,1
120,0
119,4
119,3
119,2
119,1
119,0
118,2
118,0
117,10
117,9
117,8
117,7
117,6
117,5
117,4
117,3
117,2
