174,36
174,35
24,1
24,3
14,8
14,5
10,152
10,282
10,236
10,302
10,80
10,82
10,84
10,78
11,28
11,21
11,23
11,15
11,27
11,8
9,4
9,2
9,3
8,15
8,9
8,4
8,10
8,8
8,2
8,3
0,318
12,2
12,1
12,3
20,2
20,1
20,3
19,2
19,1
19,3
18,1
18,3
14,1
14,4
14,3
13,1
13,3
154,2
154,1
154,0
146,3
146,2
146,1
146,0
145,4
145,3
145,2
145,1
145,0
144,4
144,3
144,2
144,1
144,0
122,3
122,2
122,1
122,0
121,3
121,2
121,1
121,0
120,5
120,4
120,3
120,2
120,1
120,0
119,4
119,3
2,2
2,1
2,3
119,2
119,1
119,0
118,2
118,0
117,10
117,9
117,8
117,7
117,6
117,5
117,4
117,3
117,2
117,1
33,167
33,166
33,165
33,164
33,163
33,162
33,161
33,160
33,159
33,158
33,157
33,156
33,155
33,154
33,153
33,152
33,151
33,150
33,149
33,148
33,147
33,146
33,135
33,123
33,115
33,114
33,113
33,112
33,111
33,110
33,109
33,108
33,107
33,106
33,105
33,104
33,103
33,102
33,101
33,100
33,99
33,98
33,78
33,77
33,75
33,74
33,72
